    2004 09 01  03 11 57  -120.5000  35.6000  40km  3.9  46.5  18.4 45.9 40.4 52.8
    2004 09 01  05 53 26  -121.2000  35.0000  46km  3.7  63.8  48.6 64.4 70.2 48.8
    2004 09 01  11 44 00  -120.4000  35.9000  44km  3.8  41.1  33.9 44.2 30.6 46.8
    2004 09 01  12 36 48  -119.8000  35.5000  34km  3.9  31.2  24.0 37.8 8.2 0.7
    2004 09 01  16 06 28  -120.7000  35.4000  46km  4.3  43.2  17.0 47.9 34.5 49.1
    2004 09 01  19 02 47  -120.3000  35.4000  46km  4.2  47.5  17.3 60.1 39.4 62.0
    2004 09 01  20 12 00  -120.9000  35.6000  14km  3.5  45.4  84.9 16.5 10.4 57.5
    2004 09 02  08 20 46  -120.7000  36.0000  46km  3.3  42.2  24.6 37.4 49.2 41.7
    2004 09 03  00 48 14  -120.5000  35.6000  44km  4.0  45.1  9.8 43.9 48.0 36.4
    2004 09 03  09 07 23  -120.1000  35.8000  46km  3.4  37.5  7.0 45.3 39.7 29.7
    2004 09 03  12 37 48  -121.0000  35.9000  38km  4.1  39.0  17.7 54.7 29.7 44.3
    2004 09 03  13 46 03  -120.5000  35.6000  14km  3.2  31.9  43.1 9.4 34.2 43.2
    2004 09 03  15 22 29  -120.6000  35.0000  42km  3.9  59.2  9.3 58.5 62.2 56.2
    2004 09 03  16 58 11  -120.0000  36.3000  46km  3.7  36.6  2.6 37.9 36.8 32.6
    2004 09 03  17 18 07  -120.7000  35.6000  38km  4.0  40.5  10.7 43.3 49.0 34.6
    2004 09 03  18 05 33  -120.5000  35.8000  46km  4.1  44.1  22.2 44.1 48.4 32.2
    2004 09 03  19 34 07  -120.9000  35.9000  40km  4.6  57.6  17.3 49.0 52.8 72.8
    2004 09 03  21 43 02  -120.9000  35.6000  14km  3.6  38.0  21.5 7.2 48.3 17.4
    2004 09 03  22 47 57  -120.1000  35.9000  36km  4.1  44.0  4.0 46.9 46.5 41.6
    2004 09 03  23 47 20  -121.0000  35.0000  46km  4.4  66.9  25.3 67.1 66.3 68.5
    2004 09 04  03 42 41  -120.7000  36.1000  46km  4.1  53.5  29.2 52.3 54.7 54.0
    2004 09 04  05 34 33  -121.0000  35.0000  36km  4.0  47.8  12.1 49.0 51.1 42.0
    2004 09 04  09 57 57  -120.1000  35.4000  46km  3.4  43.3  7.4 47.9 25.0 45.5
    2004 09 04  20 53 44  -120.2000  36.0000  29km  4.1  57.0  56.9 63.6 54.2 55.6
    2004 09 04  23 18 50  -120.7000  35.7000  46km  4.1  48.0  7.9 61.0 45.3 33.4
    2004 09 05  00 33 09  -120.5000  35.3000  38km  4.3  73.8  31.1 73.6 75.6 72.6
    2004 09 05  05 45 18  -120.2000  35.8000  40km  4.0  42.1  32.6 45.2 46.8 28.3
    2004 09 05  10 19 14  -120.5000  35.6000  30km  4.8  80.5  59.3 80.1 73.4 87.5
    2004 09 05  11 57 16  -120.5000  35.9000  34km  4.5  41.6  44.9 41.7 41.1 41.9
    2004 09 05  12 28 52  -120.0000  35.4000  42km  4.6  57.6  18.2 57.1 43.5 62.6
    2004 09 05  13 51 19  -120.8000  35.8000  46km  4.2  46.9  22.7 34.7 63.5 35.0
    2004 09 05  14 57 40  -120.5000  35.7000  46km  3.6  34.9  2.6 34.6 37.2 25.5
    2004 09 05  15 09 43  -120.5000  35.6000  30km  4.8  74.1  61.2 75.2 66.7 80.2
    2004 09 05  16 57 35  -120.3000  35.3000  18km  4.4  51.2  13.6 68.2 43.4 48.1
    2004 09 05  17 02 08  -120.6000  35.2000  40km  4.6  39.7  23.7 17.6 45.5 46.9
    2004 09 05  21 04 09  -121.1000  35.5000  38km  4.1  50.9  30.9 38.4 58.8 54.8
    2004 09 06  12 57 53  -120.3000  36.2000  46km  3.8  45.0  0.6 43.6 46.9 33.6
    2004 09 06  13 23 48  -120.5000  35.8000  42km  4.5  58.4  3.1 62.7 44.8 59.8
    2004 09 06  14 50 52  -120.5000  36.0000  16km  4.3  52.6  27.7 42.9 58.2 54.6
    2004 09 06  16 52 22  -120.4000  36.3000  42km  3.9  48.8  68.9 35.7 56.2 41.5
    2004 09 06  17 04 00  -120.5000  35.5000  46km  4.3  49.4  33.5 35.3 42.3 63.4
    2004 09 06  18 49 33  -120.0000  36.1000  38km  3.8  32.8  22.6 28.5 36.1 32.6
    2004 09 06  20 57 22  -120.4000  35.7000  46km  4.0  45.2  27.5 56.0 44.7 28.1
    2004 09 06  21 05 59  -120.8000  36.0000  44km  4.2  51.0  3.0 60.9 51.0 43.6
    2004 09 06  23 56 49  -120.4000  35.9000  44km  4.5  60.8  25.5 46.8 70.4 56.5
    2004 09 07  00 06 26  -120.5000  36.2000  46km  4.9  51.0  31.0 59.8 39.0 51.4
    2004 09 07  01 27 48  -120.5000  36.1000  44km  4.1  44.3  64.7 53.9 41.5 36.2
    2004 09 07  07 55 25  -120.5000  35.5000  46km  3.4  59.0  16.5 50.4 57.4 71.6
    2004 09 07  09 39 00  -120.3000  35.6000  25km  3.7  39.1  38.6 29.7 35.2 46.8
    2004 09 07  12 21 21  -119.8000  35.5000  38km  4.4  50.3  17.5 26.5 57.9 69.3
    2004 09 07  13 15 56  -120.1000  36.3000  46km  4.1  47.6  26.2 28.8 55.9 50.4
    2004 09 08  01 05 52  -120.5000  35.8000  14km  3.8  38.0  46.4 42.0 35.6 28.7
    2004 09 08  05 51 25  -120.6000  35.8000  46km  3.7  40.1  25.9 46.1 33.4 39.4
    2004 09 08  06 55 54  -120.3000  35.7000  40km  4.0  55.2  27.6 47.5 52.0 59.4
    2004 09 08  08 41 58  -120.0000  35.8000  36km  3.1  33.2  6.9 60.8 44.2 16.2
    2004 09 08  11 11 21  -120.5000  35.5000  29km  3.4  55.5  77.4 53.7 55.2 57.5
    2004 09 08  12 57 13  -120.4000  36.0000  29km  3.0  34.0  31.2 35.6 40.2 23.2
    2004 09 09  17 18 31  -120.0000  35.9000  46km  4.1  53.1  15.7 46.8 49.8 59.5
    2004 09 10  02 43 34  -120.4000  35.4000  46km  4.2  50.6  7.2 43.8 60.1 42.0
    2004 09 10  03 13 55  -120.4000  35.4000  14km  3.5  57.1  55.4 61.6 52.3 5.8
    2004 09 10  04 55 57  -120.5000  35.5000  46km  3.5  58.7  1.3 49.3 63.4 57.5
    2004 09 11  01 21 53  -120.2000  36.2000  46km  4.0  44.2  7.6 51.2 35.7 49.2
    2004 09 11  02 30 53  -120.5000  36.1000  38km  3.6  44.6  5.5 54.6 24.0 36.7
    2004 09 11  12 29 35  -120.3000  35.5000  46km  4.0  46.1  2.8 15.9 61.0 49.4
    2004 09 12  04 08 29  -120.5000  35.4000  14km  3.4  66.1  29.1 68.0 41.4 32.8
    2004 09 12  05 36 16  -120.8000  35.4000  40km  3.9  49.4  8.2 51.6 54.4 28.4
    2004 09 12  11 10 26  -120.9000  35.0000  38km  3.1  24.1  84.6 29.4 31.4 16.5
    2004 09 12  16 57 25  -120.1000  35.4000  40km  3.9  43.9  15.0 31.2 25.1 62.8
    2004 09 12  18 35 12  -120.4000  35.6000  40km  4.0  43.9  23.8 14.4 38.3 50.4
    2004 09 12  19 44 58  -120.4000  36.3000  46km  4.4  45.8  34.9 41.4 59.7 24.5
    2004 09 12  21 39 23  -120.6000  35.6000  38km  4.1  41.3  28.1 37.7 53.4 36.2
    2004 09 12  23 28 59  -120.4000  35.9000  42km  3.9  35.8  7.3 26.1 29.5 41.7
    2004 09 13  00 30 59  -120.5000  36.0000  40km  4.1  40.4  26.4 55.6 37.5 36.8
    2004 09 13  03 29 59  -120.8000  36.2000  36km  4.2  48.3  55.0 32.8 57.1 45.9
    2004 09 13  04 57 01  -120.4000  35.6000  44km  3.8  47.4  25.3 42.0 56.0 44.3
    2004 09 13  07 35 03  -120.4000  35.5000  23km  3.5  31.4  33.8 22.5 37.2 21.6
    2004 09 13  17 20 22  -120.7000  35.7000  37km  4.0  38.3  35.5 32.4 49.9 43.5
    2004 09 13  20 47 13  -120.6000  36.0000  46km  4.2  44.1  31.6 37.4 42.8 50.2
    2004 09 14  00 22 43  -120.4000  36.3000  46km  4.3  47.8  49.6 56.9 46.0 33.5
    2004 09 14  01 56 47  -120.1000  35.4000  14km  3.6  37.6  8.8 34.7 49.5 4.7
    2004 09 14  04 48 47  -120.7000  35.4000  40km  4.0  39.0  2.1 43.9 31.1 41.6
    2004 09 15  00 58 14  -120.7000  35.8000  44km  3.7  36.7  14.8 23.3 34.7 46.1
    2004 09 15  03 41 11  -120.6000  35.5000  46km  3.8  25.3  20.2 21.2 18.5 28.7
    2004 09 15  05 40 56  -121.0000  35.7000  42km  4.1  46.0  56.0 61.4 40.7 39.3
    2004 09 15  06 57 57  -120.2000  35.5000  38km  2.9  39.1  30.3 42.9 35.0 46.4
    2004 09 15  10 22 31  -120.3000  35.5000  42km  4.2  54.6  16.6 61.1 42.4 56.5
    2004 09 16  00 04 31  -120.3000  35.9000  46km  4.0  40.9  26.7 52.2 28.6 44.2
    2004 09 16  05 57 52  -120.9000  35.5000  42km  3.8  44.1  21.1 50.1 30.8 35.6
    2004 09 17  01 16 28  -120.4000  35.6000  44km  3.6  35.1  9.4 40.4 11.3 39.8
    2004 09 17  05 12 23  -120.7000  35.1000  31km  3.1  32.0  3.2 24.8 33.5 27.7
    2004 09 17  06 01 48  -119.8000  36.2000  46km  3.5  40.8  51.0 46.8 54.2 31.8
    2004 09 17  07 38 57  -120.9000  35.1000  26km  3.9  31.2  5.1 28.5 46.4 26.8
    2004 09 17  12 29 38  -120.1000  35.7000  38km  4.1  55.2  10.3 34.1 52.6 61.4
    2004 09 17  13 06 57  -120.1000  35.7000  46km  3.9  44.7  29.7 49.9 34.7 44.2
    2004 09 17  14 40 00  -120.5000  35.4000  22km  4.0  27.9  18.6 31.1 27.3 13.1
    2004 09 18  02 32 37  -120.1000  35.8000  37km  4.0  48.8  28.7 54.7 46.0 42.1
    2004 09 18  07 09 02  -120.5000  36.2000  27km  3.8  50.7  15.6 44.6 49.2 64.8
    2004 09 18  08 56 17  -120.6000  35.6000  36km  3.7  39.8  21.1 14.3 63.7 40.0
    2004 09 18  12 29 45  -120.2000  36.2000  46km  3.7  43.2  34.5 41.0 45.6 42.3
    2004 09 18  13 09 53  -120.5000  35.8000  46km  3.2  33.6  5.9 24.7 36.7 32.3
    2004 09 18  18 56 30  -120.7000  36.1000  41km  4.0  53.9  12.6 51.0 65.1 55.3
    2004 09 18  19 48 52  -120.3000  35.8000  46km  4.2  38.1  51.3 35.0 30.5 50.9
    2004 09 18  20 17 24  -120.1000  36.3000  46km  3.9  41.3  31.2 34.5 43.8 45.8
    2004 09 18  22 49 30  -120.7000  36.0000  46km  4.1  38.6  29.1 43.1 45.9 26.5
    2004 09 19  00 31 41  -120.2000  35.9000  23km  3.7  33.5  30.8 19.9 41.0 43.3
    2004 09 19  03 05 38  -120.5000  35.9000  29km  3.7  31.6  24.3 36.8 28.5 19.8
    2004 09 19  04 45 45  -120.7000  35.9000  22km  3.7  46.2  87.8 42.9 53.6 39.3
    2004 09 19  06 53 03  -120.4000  35.1000  42km  3.8  38.8  2.2 40.9 29.7 42.0
    2004 09 19  11 45 43  -120.2000  35.8000  46km  4.1  45.3  39.1 44.7 29.6 48.7
    2004 09 19  18 26 55  -120.5000  35.9000  46km  4.1  39.7  54.6 44.0 35.5 42.0
    2004 09 19  19 28 43  -120.5000  35.6000  22km  3.9  43.4  39.0 30.7 50.2 39.6
    2004 09 19  20 48 25  -121.0000  36.4000  46km  5.1  69.8  46.2 71.3 73.0 60.2
    2004 09 20  03 14 45  -120.6000  35.8000  46km  3.7  40.0  14.5 48.4 6.0 45.4
    2004 09 20  05 57 18  -121.0000  35.7000  38km  3.5  57.8  61.7 57.3 70.4 29.9
    2004 09 20  17 47 24  -120.4000  35.1000  46km  4.1  41.7  41.1 47.4 33.1 43.4
    2004 09 20  20 25 42  -120.3000  36.1000  42km  4.0  42.2  36.0 44.9 24.7 50.1
    2004 09 21  05 18 42  -120.7000  35.6000  46km  3.9  44.3  32.1 53.3 36.1 39.3
    2004 09 21  10 54 44  -120.8000  35.6000  46km  4.1  38.4  5.8 43.1 13.7 27.8
    2004 09 21  11 42 26  -120.5000  35.0000  31km  3.9  45.4  15.9 25.9 63.8 45.8
    2004 09 21  14 24 06  -120.3000  35.4000  46km  3.9  42.8  7.7 29.9 50.5 37.7
    2004 09 21  15 31 52  -121.0000  35.0000  46km  3.8  60.7  20.8 74.4 48.7 67.6
    2004 09 21  16 53 17  -120.2000  36.0000  46km  4.0  35.1  4.5 44.3 38.0 26.3
    2004 09 21  19 32 10  -120.9000  36.2000  23km  3.9  33.7  25.2 34.4 35.0 30.4
    2004 09 22  03 51 42  -120.6000  36.4000  46km  4.2  43.2  60.2 51.2 43.8 35.6
    2004 09 22  10 57 59  -121.0000  35.7000  24km  3.4  57.5  4.6 64.9 81.6 25.0
    2004 09 22  12 48 13  -120.9000  35.8000  38km  3.5  35.8  27.0 45.1 27.4 19.6
    2004 09 22  18 55 32  -120.4000  36.1000  42km  3.8  42.3  10.5 31.9 53.3 40.7
    2004 09 22  20 58 14  -120.5000  35.3000  40km  3.9  43.4  65.3 42.1 37.8 47.5
    2004 09 22  21 27 29  -120.7000  35.8000  46km  4.1  40.3  15.9 45.3 27.4 49.5
    2004 09 23  00 15 34  -120.9000  35.5000  46km  4.3  38.8  5.7 44.4 44.3 10.6
    2004 09 23  02 46 00  -120.3000  35.4000  14km  3.3  52.8  24.6 61.8 22.9 13.2
    2004 09 23  04 30 43  -120.5000  35.1000  46km  3.7  38.6  22.5 46.5 30.2 45.2
    2004 09 23  10 38 53  -120.7000  36.0000  14km  4.1  55.5  20.6 51.1 53.4 61.8
    2004 09 23  12 36 48  -119.8000  36.1000  34km  3.7  54.6  12.3 36.7 61.5 56.9
    2004 09 24  00 18 38  -121.0000  35.4000  41km  4.1  40.4  5.1 48.4 22.7 41.7
    2004 09 24  08 48 40  -120.2000  35.9000  46km  3.5  40.0  24.3 5.3 20.3 54.3
    2004 09 24  09 57 52  -120.4000  35.6000  29km  2.7  44.0  33.0 49.8 43.7 38.6
    2004 09 24  11 24 25  -120.5000  35.9000  46km  3.9  39.1  54.7 41.2 14.4 51.6
    2004 09 24  12 45 08  -120.5000  35.4000  46km  3.5  41.8  6.5 52.1 32.0 36.9
    2004 09 24  14 47 51  -120.7000  35.6000  34km  5.4  49.2  25.3 53.9 46.2 45.2
    2004 09 24  15 27 39  -120.5000  35.4000  14km  3.6  64.5  53.6 76.3 15.7 0.8
    2004 09 24  16 42 21  -120.1000  35.6000  37km  4.0  37.3  12.4 26.3 46.1 26.0
    2004 09 25  01 20 58  -120.6000  35.5000  21km  3.7  30.7  14.7 48.9 29.2 7.7
    2004 09 26  10 09 25  -120.5000  35.7000  46km  3.4  27.5  25.2 28.0 35.3 25.2
    2004 09 26  12 53 24  -120.8000  35.8000  31km  3.3  23.8  27.5 15.8 46.6 12.5
    2004 09 26  15 54 06  -120.8000  35.9000  22km  3.7  58.1  79.5 38.2 42.8 82.1
    2004 09 26  16 11 18  -120.1000  35.2000  38km  3.6  39.9  32.4 44.9 22.1 40.9
    2004 09 26  17 10 41  -120.8000  35.8000  46km  3.8  35.5  27.2 46.9 31.1 17.4
    2004 09 26  19 25 18  -120.6000  36.3000  46km  3.9  39.3  39.6 46.7 23.7 12.9
    2004 09 27  00 02 07  -120.5000  35.4000  46km  4.3  54.0  7.6 67.5 38.5 25.7
    2004 09 27  05 52 09  -120.8000  36.2000  44km  3.8  36.6  51.4 37.1 35.0 36.8
    2004 09 27  08 48 19  -120.9000  35.7000  14km  3.3  49.7  50.9 40.7 21.5 74.1
    2004 09 27  10 11 54  -120.4000  35.7000  36km  3.1  36.2  10.9 39.0 38.2 21.9
    2004 09 28  03 38 59  -120.3000  35.6000  37km  3.7  44.1  8.9 51.9 43.9 27.2
    2004 09 28  11 18 47  -120.6000  36.0000  41km  4.0  41.5  37.4 39.9 38.4 49.8
    2004 09 28  14 50 09  -120.8000  35.1000  46km  3.6  39.5  51.0 44.2 47.5 30.7
    2004 09 28  17 15 18  -121.0000  35.5000  46km  6.0  61.1  20.6 78.1 39.5 37.7
    2004 09 28  18 05 11  -120.1000  35.2000  30km  4.1  43.0  11.3 35.7 38.8 57.6
    2004 09 28  19 31 27  -120.4000  35.8000  14km  4.0  68.0  36.2 75.7 77.1 50.6
    2004 09 28  21 57 01  -121.0000  36.0000  38km  4.1  47.1  2.9 50.7 38.7 37.4
    2004 09 28  23 26 46  -120.7000  35.9000  46km  3.9  33.7  17.8 39.0 28.0 20.3
    2004 09 29  11 34 40  -120.0000  35.0000  37km  3.6  58.1  24.7 63.1 60.8 51.3
    2004 09 29  15 44 36  -121.0000  35.9000  46km  4.1  36.7  5.2 32.1 42.7 52.3
