20040901
20040901
20040901
20040901
20040901
20040901
20040901
20040902
20040903
20040903
20040903
20040903
20040903
20040903
20040903
20040903
20040903
20040903
20040903
20040903
20040904
20040904
20040904
20040904
20040904
20040905
20040905
20040905
20040905
20040905
20040905
20040905
20040905
20040905
20040905
20040905
20040906
20040906
20040906
20040906
20040906
20040906
20040906
20040906
20040906
20040907
20040907
20040907
20040907
20040907
20040907
20040908
20040908
20040908
20040908
20040908
20040908
20040909
20040910
20040910
20040910
20040911
20040911
20040911
20040912
20040912
20040912
20040912
20040912
20040912
20040912
20040912
20040913
20040913
20040913
20040913
20040913
20040913
20040914
20040914
20040914
20040915
20040915
20040915
20040915
20040915
20040916
20040916
20040917
20040917
20040917
20040917
20040917
20040917
20040917
20040918
20040918
20040918
20040918
20040918
20040918
20040918
20040918
20040918
20040919
20040919
20040919
20040919
20040919
20040919
20040919
20040919
20040920
20040920
20040920
20040920
20040921
20040921
20040921
20040921
20040921
20040921
20040921
20040922
20040922
20040922
20040922
20040922
20040922
20040923
20040923
20040923
20040923
20040923
20040924
20040924
20040924
20040924
20040924
20040924
20040924
20040924
20040925
20040926
20040926
20040926
20040926
20040926
20040926
20040927
20040927
20040927
20040927
20040928
20040928
20040928
20040928
20040928
20040928
20040928
20040928
20040929
20040929
