2004	9	1	11	44
2004	9	2	8	20
2004	9	3	9	7
2004	9	3	18	5
2004	9	4	3	42
2004	9	4	9	57
2004	9	5	5	45
2004	9	5	11	57
2004	9	5	12	28
2004	9	5	14	57
2004	9	6	13	23
2004	9	6	14	50
2004	9	6	20	57
2004	9	6	23	56
2004	9	7	0	6
2004	9	7	1	27
2004	9	7	9	39
2004	9	8	1	5
2004	9	8	6	55
2004	9	8	12	57
2004	9	11	2	30
2004	9	11	12	29
2004	9	12	16	57
2004	9	12	18	35
2004	9	12	23	28
2004	9	13	0	30
2004	9	13	4	57
2004	9	13	20	47
2004	9	14	1	56
2004	9	15	6	57
2004	9	15	10	22
2004	9	16	0	4
2004	9	17	1	16
2004	9	17	12	29
2004	9	17	13	6
2004	9	18	2	32
2004	9	18	7	9
2004	9	18	13	9
2004	9	18	18	56
2004	9	18	19	48
2004	9	18	22	49
2004	9	19	0	31
2004	9	19	3	5
2004	9	19	11	45
2004	9	19	18	26
2004	9	22	18	55
2004	9	23	10	38
2004	9	24	8	48
2004	9	24	9	57
2004	9	24	11	24
2004	9	24	16	42
2004	9	26	10	9
2004	9	27	10	11
2004	9	28	3	38
2004	9	28	11	18
2004	9	28	19	31
